[1.jpg]
filters=radblur=1,0.500000,0.500000,-1.000000,-0.590643;
moddate=33866f9a85aecf01
width=1300
height=867
textactive=0
[2.jpg]
filters=radblur=1,0.500000,0.500000,-1.000000,-0.567251;finetune2=1,0.000000,0.000000,0.221754,00000000,0.052632;
moddate=459149a28aaecf01
width=1300
height=867
textactive=0
[3.jpg]
filters=radblur=1,0.500000,0.500000,-1.000000,-0.543860;finetune2=1,0.000000,0.000000,0.480000,00000000,0.000000;
moddate=186ee8238caecf01
width=1300
height=869
textactive=0
[4.jpg]
filters=radblur=1,0.500000,0.500000,-1.000000,-0.497076;
moddate=b51a46c785aecf01
width=1300
height=866
textactive=0
